981734898415
401271546810
656450710009
328000898848
653403325727
942986307412
803307781607
724198313313
147129923892
435702785254
433810737899
794564061477
192466495935
226615539234
433713885692
708714082039
825683750375
109397342058
983909470642
502009033399
303063702424
988568326939
144814311460
946949167710
576293932420
257239879678
806492335789
692035084313
869172160070
435562570170
642230123137
405640369118
959418706234
765303840886
379671190460
403448235495
478311027791
801745485222
875639666982
663828404531
283000815922
762553758534
165617064849
545368073511
493165114645
311794678588
321502459821
507405422012
509811245374
153841255303
806163474720
511790331741
100037365647
718427938189
106354358935
807418171856
297116905002
727489818584
198714083997
219559262651
686425675512
653506373130
421882239506
480940071199
119611091399
315019828481
164304012774
727203756308
366080991507
530452418657
223587460227
803651557286
553533084000
653143684577
825805768033
207236044240
134082405025
408997766930
810266278452
491643948693
696708541515
601279740070
708153466948
763954094056
628614022329
761683448616
683924079163
329457359940
509705565479
730649751120
939856406638
736430396551
583120071357
314801223533
822947540271
548659124173
133751286069
267773316365
400870911570
270869032853
845053086576
414169659969
564499586225
286889822024
870086942510
663440469393
291463138862
599338139820
399220810268
801008686001
836815401511
809215334480
108530313817
176994589207
300658057760
680768866218
946673627619
377357676404
908088290626
327860009246
658178885503
389870761902
190261814871
236747662646
834781266231
679895710935
382890443980
100929034464
914052242717
332627085266
741734625334
538038878076
748935032143
332679172633
969238143738
665963233815
827868818217
887167851483
343696612899
261924269330
933562499043
165396896805
388484245960
275262354448
225022361296
581721219080
785810863714
267999208654
396736754167
168040775539
962753061486
987345947286
431215413935
280867730946
893027704016
202859839895
847731257333
127596612470
534269455547
823063007658
495967548775
412682827643
498872415979
311508023648
735612695262
848560956519
745931270911
599289433265
593872863671
502705613751
646282553645
524862125100
261910466384
341224104243
313137698888
692233804642
907892225079
566815511900
543548201097
701189819208
762358219487
684252100637
760860857916
322240522357
520108187495
888366184397
236679052689
382749278870
283841891985
896827272319
646787952182
731169013322
826545311082
932045680233
388192570696
293082088725
409763872790
560566916671
537652800759
395628956305
591734232305
495917001442
725587972483
192431651875
522653714337
966657446840
169194837590
560362137637
928452650864
320369667750
279244129413
562600939957
388057221492
889742343462
933137681014
440472367774
419199526201
251398504198
622000248552
479975724543
673204747163
626041448376
339931096741
871271631433
232274491278
314474483223
978708398745
246265282891
783353216935
592538521699
561791609546
257830809615
723565759923
310032201017
131474632756
841881831568
801107081328
748531316328
764573131309
506667656087
286034724511
812486477148
151650210519
949795806710
806053979889
245712706613
911843950402
428000842610
863535954515
876194426286
779794713048
506691526623
538296267751
320709142754
560263348698
386081646924
182506911956
709791156147
514859321278
136614614505
817036078317
102149008667
654794073936
892096862899
162844777876
791105215616
423274311810
358926552911
473407123737
705745283474
713396655673
388607267838
126224541489
615418268710
622032635868
489458491373
466504891268
583482484424
420368331244
847775664908
456014065648
830078380273
796388234892
882703248692
610190686413
732979322457
310805939465
128391674010
155565195354
629048056682
212946314529
581072749864
153378645933
871904006913
439228117363
600069104424
144702039346
209686550470
817432924290
105705484155
777491635804
906806144430
320382155234
957189322033
646941289436
209730764963
469390666699
898130837222
669849586987
256432322355
884221640715
425444693605
793299419534
866317683870
447055861426
315682418798
189788616561
420654465127
904052985749
877241028791
470972528350
854433013867
812623674846
501986185563
442153850431
285998526817
318332746902
675142361777
924520757846
260729704633
481331398965
342553479364
238793408772
297620996651
768904245624
426506168789
599580959966
222323768237
870815431776
655455114273
767118420552
171888031000
359766848167
570741652366
255990399135
492913367179
277216431264
959873916267
598039087224
618808142327
371971274335
920859180186
513359384000
334365221167
262508197246
148386173027
500003756090
753295544211
713108608366
670184551473
404780790785
877958170575
295768265825
992978869807
954619054872
530265334179
451947570719
883957442698
816110366248
250198699082
175994151101
765063256560
857624670190
771681753104
886903370556
380634080703
351686255041
239261291187
153310570578
116555612689
982634161097
512121352037
877498559560
156059128567
795104542989
913955339639
381565605362
723963083379
649279358080
664972982137
602151036035
238959451116
552918306971
412547654455
229410446836
207553974880
491597506892
421760664444
681274593888
623081823327
527433674907
299225567455
679322412292
378734622516
223246352182
390460809908
415161063625
226910155888
931524323007
176841278462
566487749381
421450827120
473611652037
436366699852
432761062077
756865493657
802314073956
680839464943
897057521731
598716166485
584657668597
921951181428
205384651239
912713900541
532500914449
387481232660
877164772328
657073835613
964969045378
815820907156
710823944557
944752644706
442586831170
968601796935
160221344722
287004748017
103836782109
340723322803
343978719604
606225970120
607379431140
878191218066
468258013161
568094515941
134090802649
793903236887
364268669354
770655192279
831787004603
588280854447
748870786945
747501831041
500147713366
959918196238
361278113872
755674320035
162460164652
608946836635
559369342402
937541422227
995728662417
780170743335
530461500263
201459622767
976126416504
316635730425
363664341281
402836964284
606866455160
378269950200
839407016476
638889897650
209717357992
668007084962
469079263603
780631276037
569830475980
109796076136
644780313818
709302698688
185529819250
433734888232
277204943339
334934378463
682535103877
201531876809
569364280847
512459153279
210912234260
586249096491
238943252352
517916584412
287048953056
102728393762
327673345789
699467074305
864270169419
812141167345
543663696954
579567928535
237199136567
967770432496
786335591204
993543471076
612489907515
263476766580
332386909903
111630666407
157343288446
387876035377
593500290560
891672413517
546020737367
437948483684
366129018640
160228187952
594829128729
371163853402
844724808300
277638358771
420619572295
697206938479
708196278878
117099470336
943361399681
851995977590
847238271496
126628290926
348851003495
746112345922
322619204127
643759170663
118054188680
464226101338
598544872958
656093978413
801301972783
583253319193
717487070978
492394838412
640231676804
900479376925
585944459828
684653746003
700116702542
389651223455
445122780111
337470465863
332594413593
803906151374
212874278140
807022656466
492628254563
738401771245
242054216541
780545305185
366772106354
853276348700
601936897680
801551008507
347526866916
129541816761
254027190863
474838061040
826736141864
541499881577
995224472143
710494073312
716902671703
662856447000
968580106660
246994294381
925584178563
240329455388
135613896517
295716828732
604087226157
873705917313
698270877210
747873425414
528156520856
569795318359
987575960235
149534946299
344677399167
256689093617
543668002695
964196578272
868424190281
246230660275
378061169874
169371131746
846227964810
332190548362
733369710441
819810994783
771035527906
368340419557
762387041241
393152332891
503978818755
379373832537
568212051908
645179293697
803238117969
163167360434
716169696202
898015679259
541674578836
618286636424
246648474406
881313769345
325266241880
327158268408
115340970679
437767151476
459440582309
446222501004
216870413251
843674469584
352420063411
274174437323
435566815803
166980635828
441777094237
527835816685
328224368647
713457972824
754443095379
898437204782
577130317608
670852627538
496906860153
372309104050
979928168602
740009317754
601887179913
805160640787
559367409835
973697667554
353170669529
101180052721
397432829809
887354959802
423438487575
253187852608
575535719664
534836595918
936400747567
103761951477
389566973911
999501430944
151891587516
535993028768
127652082146
186107518614
333765125054
110885314182
758736532464
601402169087
115329036369
125856531860
534567396582
777227962185
495754425581
801868532166
731051574898
250376444581
874822302230
283047094586
718222565487
476966085482
977995124088
796443548894
763304235420
795843960787
398470346929
563288539991
745358932452
559808901468
852907838060
297973496858
802089944029
106149594698
166910328420
996200834640
283087135679
262917859374
590994287535
214315332787
356269536800
794007217569
410301895340
459537729371
394626866890
997505571165
270479113023
103860210352
601281910801
333863890925
997146443674
721410365818
215029067466
499739525058
611218966446
700751296389
151793453417
264787230091
549461841137
967511075526
238136265330
753602142167
979341480304
406809418423
914393790914
867132652668
388561424178
792408543530
150784623697
151324581526
655257852353
175822417780
334587205239
924212224525
618912448030
158046661628
242548366493
487779562020
712584838201
664487390147
762361009079
485235395587
127587877666
874501068596
762152375887
470734084924
100911173003
889960205084
977004277979
735501576837
763245358798
130585979351
320856417535
384396119209
287292353593
136132953466
249224101494
168040093300
525985493282
781927073736
786925315138
887222496194
409293749104
141811665561
383303841000
543754693946
111572836217
934431195966
351847658104
579898108158
642165105070
778828507025
794642768513
402769901421
547297790367
287729217720
997766601565
362964775447
286762042736
931031602227
153119924235
908483216602
383609930610
926102826214
340871503304
667144502120
368548652792
173737654547
740355216156
504001356708
563447722281
339958042815
463815557277
892058733966
404442762204
691045741713
138351771587
115484045799
443526093605
345000346192
739956413823
515720324805
569694408271
303942294291
483341971293
690061535251
903806215454
535484127281
501331715235
661910485184
579315543937
852776692694
882461020214
570340877456
337814942633
626069825306
997330687008
562486316850
660838798712
171987358388
819229127044
388308755651
374657866526
158722554955
533353639046
188233980713
133300590836
328763052879
431241835339
458396363589
361145522682
396081603220
319518427917
743036425548
201550331707
583082022107
839712475628
513454624150
471660550579
694745676055
275004411698
520467163480
413270147146
629938258249
129164669815
188892352658
537269044782
938640868617
919542615909
782020888093
248235247100
627758929406
207395826930
852887001721
159787751235
372090802862
615092460969
878084781388
200629403889
458253687510
719015097741
287826628320
428604779449
829978902167
635414227918
137174200334
723273480037
158646624701
998722085794
787956641764
595640490087
222681211210
552158667897
183579242220
963966454343
368416817550
213004500010
954366644041
732063497203
180988918588
704416274125
112299851213
916043742546
475381382691
125538506746
719688576084
563232583461
972282539100
151883462375
848553229460
756240615429
497900104673
941762838059
717639463979
656203716169
604922170319
174848259956
205149087897
396685657311
619413673918
513694817942
777411272866
713643003374
560384105445
732407401355
154439680641
659314526589
117365678154
938071268314
137829874354
480743909575
477949139886
434629447552
322475467258
505163833169
234268003282
987898552010
806658602323
159913834416
341844688081
226444058836
656498387742
803534199815
772713821826
434316213568
443350017017
464952482703
632796606125
805245387778
368238530883
854195623791
123370817508
879792721121
603238726665
846117858833
707376702286
169859613471
622624267697
144005926671
261004297432
814207733109
254462821072
422598480144
542552858051
526135497862
123909884537
527939456573
403032445907
603933515479
580363604327
200099349861
600190849780
459919521916
130563083158
785243542640
310446187133
907360375326
818628650226
204673115037
507540628494
673318656628
497159255725
202641513354
695148964907
152932275828
956428203249
394092908095
179842300978
628287953751
432428774097
841474439931
594915991179
841690499628
801328616466
871122003046
464645335919
704233090311
970879946237
806864902764
996315707140
872275080460
314080205261
285138797381
602154842401
549345344698
697201988946
831428140887
378458116830
600641993409
939748587145
557068402327
386680850413
289405123117
480637915541
651923998110
403097399756
633038753954
681163778281
168675470564
107382142192
431763398692
122110139553
221969873472
784889415505
768458187913
727283421163
174884612043
744603733058
368674859363
975035861045
888266989675
991818190038
667413129900
991666798364
806591801537
576548725179
444018949530
942989569641
680837669685
875089617220
604935492904
373557902854
172421976861
600907914689
171854622398
121295079306
706332839616
852382672811
688276707475
165766135828
793333836826
757867078448
216112049389
895211464229
669548054387
125926427670
465239302235
928073147514
940183774226
247219129610
813169834274
830482591926
151411358510
766649299399
740668247248
360694136555
319120099482
458804547076
229640350183
507535873378
907104408625
306962421818
538771472431
420541944752
970707809617
660667028063
635176749272
392672057678
893789772772
264340257089
345615976577
647490958218
880046388366
935555755022
504002866291
771613911865
274994613996
732386428412
836826771449
483759970861
816981302188
217217673389
544575348320
689592106411
573209611183
309248649537
138768076468
525835560151
930804672734
980703962944
281519045368
479785339999
236892777066
747484306664
547377188504
378153063375
941940140971
496931789192
569772510823
354738923174
513677685793
393161796847
295203293640
409182954509
449461793060
441919209748
157614003672
745096210265
660385549881
279849793672
500944774330
388750724430
218045339869
113078284185
191195478735
459433533700
608593055812
796269044928
495124072281
217466937444
363534678791
473611871923
287951053627
223499154410
191093764621
812916854188
415773127375
841985960132
623168124821
265492711378
710364587817
681093408446
577321346434
399190742617
155391391744
801441994505
104603224049
367597985471
687001971553
297862176383
775046016539
445137937981
658632877213
818463739486
340535194868
927763101652
729358106749
148023240436
136977000257
769225744423
442290909927
474769739617
428058762224
969928310642
251116279638
277908247626
616956912035
204975760493
844845414533
392270221558
301098642678
195616970612
823529273664
171665083098
974241583308
243655593216
302637540528
786318487348
169385622340
578546329579
514159584749
110766751210
759107740205
301999631262
110633551463
570587247859
969238796344
960496235714
695948053343
217445542116
275344373109
598438144460
538511415700
494529868788
607023500407
189774520083
632507685073
766806041899
164918366405
872457607970
155326162641
994699154173
377706002684
445337002923
584073996730
249550889370
409695702287
157381511146
384865970937
333525859823
944519312203
435135265190
890478040849
192798179399
821220262574
584537410400
281796609786
416007830709
409988182193
957460635438
990075853028
650277444048
474053024194
975394077756
674366118503
327392944874
727251102726
603850224777
120901043153
508512734578
421795475787
435870344399
356912595143
578351926202
531027512543
156940404784
754038558950
110036901583
322793978351
965291894919
574551285680
125738891053
758785085893
805058131609
342828397642
602550792155
560098640733
975447859860
807936803838
726448475729
510781713561
106973982870
721467449917
624477463162
963355560894
877738125213
518124704774
913354074690
495686239320
517963031183
862018161917
687489901838
762218475349
863580182782
857123487623
123608353514
775918388178
692686810931
969745814419
713744606357
421202094184
313337632339
483007235020
446402439032
774821125518
965146701745
236954830433
494286898731
263736293683
453368350092
701802863976
825244850209
403258961667
244604497281
228921636271
950130349329
452020779138
457503846411
851613952547
138346976179
484118823676
992646901384
275927358193
539498911572
302346460365
967677404416
703527882879
300345966392
912013162667
294802421679
251728882876
889169984709
321841957822
280171944664
385580176935
486183213953
269394170017
413896996955
894827050175
268318867959
241074329467
745357682077
151592617217
427640476529
451995256917
485639592994
108484345415
811476179714
151095159677
498820062718
135418143149
972243838408
480329976937
676599854950
805316090115
136161154775
933241731119
586247062708
883370944687
124224319129
680055149564
808955370474
669287106895
272552700816
477606532452
622453337456
335815936564
575439611156
720122480303
904229115238
964541682168
593914505438
505013970175
638003120483
382976521276
604842469754
422006045912
644122935683
611845733155
757791386737
645528330601
102660216292
946103340548
566643168430
247198468316
994410235306
188970373595
935310150478
670195242916
595690545216
138335856075
634042916505
859250873885
845273875845
140162648092
533622693394
186614291603
325269458405
294201965708
891890573197
814393381323
571546709240
739649301428
783019825274
102604149481
833418161513
924122621770
203778524820
956346311353
345228995985
601738491950
205499175700
518490143254
202305567560
397104829554
639569528986
710055783784
866548296325
936502097112
460381466669
197263113212
527811820820
342654159041
311462532326
412237081001
754053732591
112525534106
591240636905
780474994093
322002715855
939611951670
138805965713
199706940516
666046138185
614023370061
415842591916
204276546929
768504481369
204335865316
673684051048
297098640826
325848350421
383857295937
708491054915
774377659410
525851686069
294887182021
249658474304
884007311991
830711849732
803160928319
103299611046
584442813215
949751642052
345823640306
571980147224
130512226829
157121258130
742997754399
746355726368
497266640882
896162884623
591676812999
278023225899
934558265294
276976131457
184844426068
877955112436
909994931337
711597265058
366360418117
470437703887
109398848763
781622761319
601085042501
497200545845
377834535862
686159317851
129942564730
336025649006
586410488323
789438524498
575776219617
974891191906
895695734007
912175307470
452497763535
431680745717
476231857511
981953504481
781669021084
712024091752
541369604411
995874938131
741542257576
644186656864
127178734786
261047175136
279559121445
674981638058
614835840304
260115173808
438024352214
748054963057
202302024771
729299036991
893559750820
976360074170
742326919385
527239540534
584253158279
751039905687
272728103206
201147989849
772269099036
841736864294
143723378103
288770713550
412977435875
723985646374
674141438856
267312431345
768217065617
623471768542
216214491179
670593087414
353863307755
662817806497
897731265861
846282933368
309059964356
790853327027
175605887709
761277906832
699399529724
818947704559
494589672144
489687390337
419896143769
664090362209
139902101600
314668845084
675043016265
214938524336
732066181086
677209872817
326381432913
175722275208
407039401123
741309108695
150892433795
225521490260
119691916312
202459628802
389270888325
659086984033
563559812900
251613370291
865774023968
822996416498
289029210132
728390202948
277980510370
369096298574
667458454535
801324237164
513917252894
539013800217
203728347263
101900942705
683566789610
213357257364
247435745803
879675628306
370863665631
471641566014
238552094730
321530356897
214070736319
456269014223
225001998201
820384039642
650288681288
533330054720
620850517199
547079908679
614592484877
134984415829
637016501030
808516600470
940086836925
620892567661
101042639077
360191945388
221115010899
716948009568
248388050199
857145634917
951941637224
791589092841
494295716812
111856422474
188831462051
542046057616
323103759234
534250238421
832575513746
439210216362
151709718873
400591346117
908042428588
874680743309
735514585482
152782890002
949138186746
195687918224
775737447595
231225530014
315741526951
535517771675
618330014950
987468393886
654140891085
326322492053
651431931771
410947236696
297529744754
271864002282
118476500395
320333233012
821668071829
872295526726
290973295777
612275615098
599746000794
149927979159
998017195828
162319606107
453683158375
330287668324
316934891390
381298740653
482995666694
170197755461
408290894788
415014418249
944532417701
980149177483
367381532981
489831332222
770751295993
646851554114
735646229283
489451915118
248791444271
447152895441
761741687479
325258803030
178835084323
700222115914
775743522929
944611118250
740668917603
731767904753
654809729222
997284440375
687990560065
741735262177
549521721600
992049044567
877457111450
228266936574
696323493970
839334594976
229916282193
590141350521
123234586159
408186897184
896673488739
340732048076
643095069701
288857522091
129974310548
868020475538
259923001759
379094289256
413826082419
179718515573
358875191407
255903016143
754215372174
605502372528
909971526840
931737478261
891742463717
210089017554
781031680102
932184559464
412631412112
789162948903
401518239320
984651427174
421995606896
345788359792
518874696991
619779887971
530649648188
272256177102
791986083780
626983319914
618283012977
566951020570
704395559300
923834470725
929346291316
107634782343
274993696499
548829380994
712714479298
834307690960
960723516126
409095554281
729619845970
232413201855
863107391438
635250437077
350719015934
917918174154
456217842606
371313611953
865664642600
787025980104
558375444219
756945026274
165520392669
351719701198
848524875848
503211187837
610881053786
482335390097
218671540504
437388824291
880688657888
813880508172
278101985416
944116783270
233886625387
717463281304
593774170362
319126998077
671288633071
205941648211
946479332780
507037041890
234515775200
479408206810
130529837057
160975254407
789184248925
159791487264
181702524667
607437435030
834390762814
820120648564
167205683152
805948431487
131081981477
944683871540
383434710372
396887617828
239492106184
193317547669
586690050612
349910778729
556857081228
872182951553
226955710888
708454081650
266474712256
654575173136
393644204460
734753321222
785242623027
122629539529
201885418917
181950184869
535457124742
625659717166
559588439616
879103545384
923677903943
639733732230
426740203443
153576090527
211563395882
726386730832
264848654167
137313082466
207277368932
929615229280
945354032952
684459063907
742783888814
347366959072
158130106475
858294841752
647235454868
483592856738
747273490316
683675754171
330909060565
556221187128
493446618282
584156768485
420210423960
882393246071
413622812153
827979400871
192252670601
651054982624
172489132966
946433541235
787136033285
437527319968
646074263121
231296809811
815752235943
801155217160
689710814230
296520576245
132262999866
881449364916
811250351701
275724846155
833627443845
434576840103
498155457757
446636138743
548834738384
351171467571
823264492792
505757958043
117462221336
288758736815
461558466316
418807506283
819493597589
814221334025
143096690434
547934102235
408634739169
872488122435
893212969501
197453172674
186507507565
852860270006
894698740439
137479639339
718686598555
975201987093
123959347443
720568482498
892400367967
514218733012
645706240619
237231114181
891745235829
591636224332
718741355881
699459296427
781814367917
480987900468
114443063000
264381894387
188303063233
537420427213
901742168390
689191975225
116735235103
537110094395
399478673802
818949706596
986653660932
100995069147
434765129269
793490708119
764645522598
105065539587
716048361217
231609278327
110014054368
253832525939
638129106711
818113716529
291725840241
683333459596
891679608357
100678005657
296174704126
973300064766
227245556705
257431688398
669449975419
424829619967
655982278454
625581825336
781206983340
566639906437
818846042252
736355654998
701289131763
528863780037
756577724298
312738483384
532601854468
840368465525
697122077916
693836817598
739479871737
364790313001
152084508431
697630547803
499798079430
777773740843
559483581131
722793134016
552252785488
745315642221
336843115443
774175103894
719219877076
671231367864
541302648845
107523507334
185558953087
731715626812
715532249780
731827337011
324871183378
159551137470
248445343259
183032349766
902436043963
462717738430
417006062434
347354288936
203289779586
115514329721
404883865432
813733434976
538988865125
436016156785
600610186238
588261189899
867481619487
438634261131
946147225381
739526057730
233735398702
611882458136
391299750382
962405553380
903028813265
469826123830
305587295890
664893956210
627169080978
872422818333
383971487968
462295126445
804647183982
892754100516
219734631427
823264492792
505757958043
117462221336
288758736815
461558466316
418807506283
819493597589
814221334025
143096690434
547934102235
408634739169
872488122435
893212969501
197453172674
186507507565
852860270006
894698740439
137479639339
718686598555
975201987093
123959347443
720568482498
892400367967
514218733012
645706240619
237231114181
891745235829
591636224332
718741355881
699459296427
781814367917
480987900468
114443063000
264381894387
188303063233
537420427213
901742168390
689191975225
116735235103
537110094395
399478673802
818949706596
986653660932
100995069147
434765129269
793490708119
764645522598
105065539587
716048361217
231609278327
110014054368
253832525939
638129106711
818113716529
291725840241
683333459596
891679608357
100678005657
296174704126
973300064766
227245556705
257431688398
669449975419
424829619967
655982278454
625581825336
781206983340
566639906437
818846042252
736355654998
701289131763
528863780037
756577724298
312738483384
532601854468
840368465525
697122077916
424689678311
269586452312
163325661048
787990189991
763500935288
264394172405
252364067846
174199818156
124143673168
258992476939
952315163169
867284586482
826274601361
469725481746
440655965076
741004951014
672821872510
405117372180
133865106523
523717458412
827037319658
177971262246
236467908049
327436164381
774693863115
361483792172
183555278896
889560722300
164494678497
868649735008
371523293874
263129922934
372901846312
339925541131
457994879396
208543857653
140448463956
515217424233
297431892415
804636272297
167370662026
132812366973
291460881836
815473839074
173636353761
957527006269
403949574426
916590221610
728109931255
652678990413
986333802590
952828101271
159337241896
677761074585
241116252500
887031516988
712403682650
599979581980
600265860096
504963211193
614687331717
488024626283
260923967947
340516940731
708928112503
641739835909
833171818357
166526591160
668137401135
786516386882
923768868827
437240114579
198664761716
841776174223
660351475596
346027543809
244672312183
106384863366
206118931543
702594832502
930427690145
207983561054
825048951886
378674625042
835833279615
298351143391
577975435697
663520943640
270521510028
758459350950
194083872866
699635251234
369984358926
314083974685
243379226322
699431444211
404277420825
848084153379
531465101592
665994546167
890499186076
965373162116
524425169652
924026587942
277967615273
423141635074
774765923053
112841861693
131172470043
964202183466
466623677371
834093250102
209490777571
360186991684
248449259735
208202770128
363748552758
857766699949
785774025167
313739592388
116975642981
702495456453
372723963322
131051472562
636944644974
559346802234
340938985124
245032449833
460230555470
215634778027
355752528349
484845204651
109946601190
269368018102
819066263231
118861885779
325113389762
747637515805
167926420932
597077397169
280435366260
703659020741
369584501787
586453798365
819057930484
901341709620
237526403910
204206793128
337986699309
670559836932
965493952733
336329897202
767777514728
115855900471
999268524706
911850572180
264079688499
181276136192
887197401223
536248588366
416081953187
398819880470
593038282466
765255420267
379564639128
924203961642
587867114751
611296044947
189708953441
403808145748
324578862096
960549996676
671269908510
491100247566
621435112567
841151333815
992746520891
875378376169
424661967974
147666851618
807732508601
202402343792
311327477502
656569322941
718821424650
137708365094
348887146757
456482013900
243920652359
615531931823
703256586520
490721303349
536635554182
879308771403
298239460821
430438879129
999580956437
526300000326
819509640107
565919855350
335761344425
180031282033
802564623123
151515113561
218300043017
553026909474
106806354588
142768123764
764832221653
208967474906
887137480533
411373681990
250886613409
187618842215
721668011494
795788934364
275816971449
144769157790
214971397928
414124226699
302705734369
426932354003
550876912316
324717304854
802372767132
287746432278
460781471069
232581504307
398303165089
238038369140
622930175035
720701457464
117456095086
180660686209
610271635478
719455261685
640100142421
833145510251
731867101817
873500945554
938003078528
342862654846
114264919932
693784008212
848443511663
360972509401
361317560979
719032081881
827581811386
125737399797
133126786916
242524989438
512785297669
725241222583
697330256735
294990969608
532934593989
478720074602
317002125035
429780580913
478416266312
552560711186
182725328661
393229045445
495719763416
551321136532
681270345173
609183338686
562334876196
801571354328
467827572809
930422217744
315634598951
993314306464
993779807435
830630326289
846477110297
949900256455
545289832063
443878579753
936778993892
103286097552
621795649833
696889327349
934383647149
129146821900
875571860316
753528652023
294638376939
346868485011
740681491469
288935404855
507885810065
853045550320
450606461191
167447347834
365817473086
447609017945
488924003304
844635108272
644631130829
131362249808
142326093785
481663460158
356286727845
456952506934
958165406794
647858588722
125940332338
224231575626
555419277794
367922163940
998844726320
452986045686
159288658753
388409307704
738102672281
114923079337
289335485940
268589722376
288629015531
984087377011
640762823440
504815051803
643009654607
543383202019
779728262835
258617991042
870818424029
637144990440
944217423473
943250889671
663859968339
155622493696
120710254707
549298389124
572868864793
528152928681
865527884171
448017401460
650474490924
802545817157
805812669473
922268144950
756433711819
284955314656
922911887018
927359276697
748129735539
722538453996
154468004936
421518584722
967323677113
932480412556
448030802920
503088215198
428270145066
840812562465
323588010397
468044166271
320265520392
544412252584
990624559800
483493138203
669443831671
598676119009
311719590034
167310423594
689266341076
720084757995
313552829287
170506711473
237382890921
475720271280
940071513544
337818922043
252515259266
292008938168
362188685913
477317261044
124639742021
300973605197
620141189299
444691655226
830033432610
123912055984
705777237278
183955232773
755639370839
982891322046
675527098251
556343944205
482855150968
963306374740
181175400042
421260427214
842907865103
157411510682
700508210639
569754303984
515651611705
728296764820
141286176684
221464633362
257910549599
332020177823
644990492823
361245513368
252197837815
689514859925
462613977396
817246235075
503903230435
923666125673
813648666340
389293948764
151159598645
233434473167
324809912882
644027086478
306446953370
824149726999
280375612695
636052713337
888523136077
357040824196
382613642694
148121268968
314346865307
745852734200
625739956828
844086046546
691763860349
867141558169
655180938866
455893110490
461743578883
458475769142
294965286040
517024887603
564465499362
122254182891
548188470443
804348258190
388421026102
803077246594
115591235457
269553946655
217818205312
336127143899
933752724836
618407130439
161596702078
224613715465
674502758127
912174564025
266975966385
887370716243
311747145712
779109941956
208299802092
235169118214
623002240664
897528440023
310697133520
950333160433
505113364113
564178991218
394047006883
803592898255
145606159618
256805585401
347919078340
946004342608
293134404812
977747406826
694415902359
866249859796
286082660349
741553838224
706459753644
904243836581
287118821509
610645855441
130389325370
523890092665
235318963376
267904084914
887955954466
650705096436
178284755846
700078880586
166060510522
360991801786
444337879301
603795557082
526290273121
148404955710
730640635132
761636641503
489870410401
658264564236
649563486343
272947956132
582925087925
475430666284
764132447528
669754761259
788456055660
576559102960
130047777564
689359373975
320554555951
284317949944
840423079923
174011151075
961174586529
115907556770
880088331403
815877591589
347907806709
428544784153
795720097963
854075173178
908717983691
999161571943
112812127741
829173025495
147804629411
607448149739
132099352189
217009514293
169152681562
600155493565
472221497262
446565679910
351424364712
171998786658
850916264262
303261046452
906117798222
742928036374
863271788224
154209761946
383863795725
452118441448
645822794484
305952640859
627558325302
345374556463
245432297570
583550083762
630133174088
698109332624
396124327086
800806189926
510670464075
140757406942
518752375876
597157212245
679595637829
861962062022
816477696118
491244190355
206757029141
581126089409
869925698938
301539254785
584937511775
298756689230
127659634468
796210631157
119975716821
965770213320
239615685024
642605480364
126139642601
637865088284
612665610860
602884250191
687124845195
250608520579
494279274650
818666757292
699825503334
487603976019
871801775577
718339455424
852129504177
614662280427
696359436109
146209844065
135635834253
565090847992
280122694447
699161537667
366110103342
440337487214
521916589553
448340431763
921708288100
602643997578
752409818323
275026608556
400187400073
216501298539
858152456475
669372633556
586301806785
487663635963
963650062870
856004527821
668361326760
569621074695
176334816838
273453238966
803780445513
358428748042
424131997701
815913205554
659784703230
609418664579
968498988286
161426386658
322953650743
649209701447
804247872649
774506710130
668946398954
458453871534
489009343296
476471641368
415763506230
731637574188
520571587899
913081501481
839217617150
337153608227
451903642760
820940297290
221268737390
930383796924
361409755352
582395848034
478758878237
134651837136
887259977174
109248979927
921484815842
137926085724
296086840287
500957702836
283919013321
626311358031
382674592647
566405931513
364629022938
293923868482
701301559822
871399790452
809373424851
952437591191
191016686975
199438327530
106295932810
927565925889
442846505216
745916039487
693517355421
902209330067
501020841157
361911211638
564102532006
759465940161
707849453534
776338852940
937547990212
551211735604
758398202621
373600461812
769828229602
733131637884
275400613513
653774787623
149314634806
532856601570
166223044749
828591820915
693156407742
909486066550
263591060482
421286816085
366509291326
924790533616
509409621268
154946515020
317803659140
199707794507
874384763198
796859348104
231882934107
754637416988
440607126231
523837527111
146313704729
145449197317
105471068135
499082743576
114493785305
557573829746
395272524301
238602833993
167606867549
680276627443
178447125827
722181113732
998540895100
458582112575
259240565769
265577236071
228060158559
857548406424
684754775812
529264256882
728283884816
465499454831
112554313369
773569437735
688548575633
198276663566
377341324517
374462644551
178892567608
973762399297
373916847221
730837178536
330870152227
434229492429
638493692580
495230845117
188476910598
826907441631
675322247091
629166891548
476319524727
703879162404
561054133502
596758774502
642738520827
767422378259
435922539891
153550197184
107414986945
637155895596
944154384633
667169545591
862153311370
187111004119
392586755415
104668233768
607352722101
199880298633
378264272854
502946594383
635941682708
231377767445
112797165493
632957500999
110230642106
255296300861
226615539234
433713885692
708714082039
825683750375
514960055006
129044611602
228584318565
774324343246
617218174555
108659060505
481193881546
542491348139
805067211911
879622947471
271121619912
798465072112
134256688574
651503186057
360128423897
542226170852
330092604966
762660059813
736770697848
683629139099
497406335335
850285417821
211958095723
129044611602
497128461281
772850085165
403712047423
259162381221
282069482677
551940342846
568446720858
864458695211
737394000663
442266855713
306063942589
918344964287
859348172591
677545697538
447144714659
779940976658
208673814601
332050892757
772989365294
648090347872
179081874871
980634871987
475444393488
391547834258
141865162485
708787670272
737060598627
418959081909
582436546650
464912886965
970400103758
504922081508
372294519302
947877823893
948189407662
597961693650
174538708925
864072842479
684966551207
648916383648
743795787041
628378120591
969942848351
481236617650
512391446518
887822804047
262862925550
305220134856
981734898415
453308018113
532917559518
596581663622
453308018113
596581663622
155481870648
532917559518
968656223253
491391151418
428710778212
196371674096
617251852632
112633426274
176779878060
186040906485
318977612281
279440691407
337771739646
512164039416
350306808908
664459372976
114180084883
819806507083
167366353636
213030788926
573092301806
860805613959
925524588791
610116276238
922224363668
132827161313
823487445560
450783269892
387375656613
776260510355
484398400290
376341608252
184368480922
745541596969
304750504808
437715661425
201193258054
778740799386
420597172150
906969921082
460026307145
683806625555
564353632319
433056007256
154304037314
331279479534
676545070243
454183695264
226408756777
651215582087
131517284496
774321027585
109170248413
610647104027
685164715456
619517001597
463373379711
510040212093
766929217416
298899077367
396181577014
394812918898
971032126252
894756399062
441124064281
223416271873
219284703733
348896795117
745930985368
130082233748
206919462175
770813204661
190716853221
809103583708
542783870570
404153689166
616267721422
267541553184
261854235482
627168369480
468711437338
539219021799
847616764220
681042563074
392821105237
811562070561
185145490405
381133181255
678639257412
121458605233
865818424179
147493326556
278251968602
364472962283
780087582653
642870653926
968888782871
249422622837
252481598460
243075284329
945241271513
613736019101
129507343216
869782863386
169813258707
767683365375
515747148610
384522425632
247258710324
356804951621
334698828176
573226741547
696969479335
597421252419
741766097559
225402630383
730879325783
541714809656
570327698933
331967740550
550660121595
673323333379
204892034386
650360280580
336153072087
155351862433
921527063745
877477769570
555709477324
530399317438
870259457247
349495543823
852762370817
900252676670
730230448232
550777580170
689926707964
651753665973
585780674870
662693620180
231005966278
113142448104
837349706825
181963624610
659901402231
462337124159
946777330321
586244016084
687761239843
281806664545
525937329467
148136617232
540574340382
766774208417
203138250609
200042078719
708179085811
824876806532
228846319363
954218566995
871164139861
629343200851
797877232866
938509567701
665698655600
925104761915
985754261851
698292432904
849531990455
448510556406
562667865341
488824775667
456309185253
377827400136
287800072363
688105400412
531195401115
475165487371
189166145318
988017079026
961550549303
873287696643
317091180854
762579284809
636559957518
260516140733
572748699166
376707294166
951818807666
693400324488
662428469722
883076441761
990137676120
786012836933
557687564376
796832372096
871897760363
296696265066
574900434439
725445163337
253313842086
570206751024
688515988988
555260871968
469127952530
348933122790
995014575445
250561058931
955762770326
965984644232
841936839839
322382429166
946726908349
677514206233
538069610189
434441794987
524462456257
291450821126
206154634478
884999109947
872449585477
301150173908
194783604013
884687248484
155330185772
533010740041
117134062949
653340155875
415521521620
100465187025
919698947081
118113612761
838183369758
749721486608
508622910885
841599113818
995613123518
761969814211
314996903429
108163027156
782648091600
106568151211
236049976506
502962250613
570232493075
483309479192
458604733204
783226466338
834052563502
806735370466
737673082609
698351898442
137260279492
112902368029
618877289458
787477452643
211218257401
761028077070
383788184715
789433464137
563413749901
663909803826
156979882142
147446591210
398664242404
276694720848
908489171053
126415896783
384955562055
896189392432
232792380983
533357717789
680447033972
714062961439
127489571465
853150435998
772227753977
782879174633
652361745252
467812811582
994234426313
522501458448
421825188795
697956816883
496994537007
256356118203
440589757866
192202554780
501872211232
780807474084
593203465133
647291320080
738947973663
577320342170
309377086942
339597315487
941355800965
636625126252
926493739883
353124441078
847284965854
280164346928
871392105363
948562502072
120730098949
600566518300
217064151020
962170795724
697176458308
820978330225
145157624098
609420305347
361571595309
973561860857
196435638291
173095513479
589277258694
839039097745
113696881662
414091641471
981169230270
706311152228
245603034311
332341116004
180836747605
361415285751
989061852719
351940881578
987631715300
319041372047
472556502744
239871362373
665111692474
511143703667
568730630257
656343947279
459025511854
825313117262
179082538122
606470611391
513997432019
766037409069
927540934469
322752935290
957962697798
703292062178
474446724799
209392837862
788997074736
888468287754
170843928498
130120801717
.391929110991
639218299153
870790783419
984754387694
794678456789
907731411858
664759188492
712928017074
604783180254
344480877264
408496967358
536818812009
647952450736
606197089205
395260931387
767066933318
307459345033
523452814744
217411179797
197791690726
125559791757
153938087154
193235625501
110835141623
150531448910
443657308212
698195230337
206551724320
569455541547
680412745281
455590801538
394577755615
511247377650
911255534033
464356727775
700535889175
904763583367
406597522799
942669685645
190031725721
114148266203
708877462793
204097909351
387262825365
525913953620
621766747348
543668917669
470146138441
823352749330
570064807061
460024386549
909442816507
219597046407
625832244047
378061507008
501973941170
563968588233
651366294601
640206708149
834788318166
322986346643
921729832294
816113864213
269475399822
152482063432
612422842001
536251433249
483120100859
713273047201
277847533899
239951282860
160609665636
550163884550
935944846745
542077396843
246368997472
953404472868
442504563601
765504371231
664641753215
213706903449
967700586703
676093711402
186562151548
166765047626
184216101091
624049648202
920282020015
232593714567
427538675477
315320594975
113133215951
278642197118
666655683820
256425950731
387601642337
321323275422
477428312307
301879002179
946799598834
200493069279
522236400843
866084461668
462837348558
179731719134
104649439727
294458391616
117867502281
653689144301
113705314042
128015151138
922704031862
932113449442
786071828381
270141151074
709296445236
766530282131
462531464525
419903172656
942326342749
167206552664
103067640166
548019301859
782101293330
233857752674
938338875254
245457988374
407878704665
901801701951
531037113731
944089236865
527312322507
680648954150
860909524887
616768610724
194738271594
732568125367
932953202745
247745502484
832375754965
767905758851
534580764437
681222118085
980246211715
905887154193
174791656764
853295166836
840943623039
338903263635
321282616205
446322041206
240168138271
852528892988
937628656813
934522685484
220781342321
373429452764
527184437900
833625046848
444216303632
967227566414
496228112512
288330324138
169555395752
952746955647
463634888733
601374826468
131522218290
249839952861
278831827292
462530112594
220543024209
872798828670
210338121869
749986933413
748604004890
700345860185
581111536287
976754524288
266648977802
350931634672
367477104558
507604187090
811040563667
951127621915
137947710513
306209603738
781007407256
987669216008
570317039709
840618533842
567098313536
410131658924
464435696357
995770774400
391874799501
996128087557
866993042921
336782289877
804137834289
576833529432
671957762035
332786838474
713620881612
275439643468
356974726983
417878531376
713712601624
711791455074
953123218453
321669053028
566878429383
535706729569
698982735865
935284163109
535706729569
201186756992
405669838430
566939695453
191001286775
985514363911
233294087374
306334577444
429627344298
793377413836
731904887548
331535398777
876074769325
744459878127
979002777286
439025574459
511741891102
447061653251
335054460180
803856663838
243035433610
965512827990
522128940959
306895652608
660593809905
601708597618
409660425847
348414431499
760934567399
843471869647
785061776996
169918141181
618054338435
508405742243
576261781282
852692196222
638141065566
999727112056
998181987576
208343107931
533761354073
268854196568
774498658434
909917291521
815068159259
933195098577
451415535166
466043523635
405621380489
495192122788
423002332319
504165827945
390625110101
927590613046
273055247193
253291552582
608527650608
752601056540
885126313993
583154761507
517561134368
331852085502
600731528722
202493723859
402125218183
623573501664
944722933436
131895628091
845066294165
258644680656
265726020185
676437899291
229796392547
715206918059
396784425122
334244876116
234591497870
927444426351
707668615953
144995201802
178920361751
498365567122
188163384544
156127322876
462077850173
454527441884
910756382195
650877830768
570623126889
361233879598
594768421674
385821869549
131177726818
375649831922
412892687299
228425469381
658778646972
186443265338
351685172951
508449478667
969246834248
509512476497
432676116060
425186150483
618484754128
539556376614
919026809758
116098039461
456675918532
869246967467
197879201586
600091346841
315981892064
117187646924
713863251820
801149916495
472826550051
390015090038
249770685199
605069308613
900136113894
593557714361
867820358111
553952178063
196673827968
501301282834
853785686020
227151452060
378142770612
870376693882
417451331316
151328574848
453556020913
710978596509
441723924052
729595462941
599496031277
523216718918
852244184259
687826363884
306173506232
216072821517
183505315761
851291065229
676380095332
927305309728
562456445539
152509355286
610409125268
353718195448
251756943783
628873381725
445822551478
876495293619
113399718058
